10.01
10.01
10.07
10.01
10.01
9.95
9.98
9.94
9.93
9.98
10.02
10.08
10.11
10.13
10.1
10.07
10.12
10.08
10.12
10.17
10.1
10.11
10.11
10.14
10.16
10.17
10.22
10.24
10.23
10.24
10.2
10.25
10.29
10.26
10.3
10.29
10.23
10.25
10.17
10.24
10.29
10.31
10.27
10.28
10.35
10.39
10.32
10.36
10.33
10.38
10.42
10.4
10.44
10.5
10.44
10.49
10.47
10.43
10.49
10.47
10.46
10.51
10.54
10.55
10.6
10.53
10.51
10.51
10.44
10.42
10.44
10.38
10.44
10.4
10.35
10.29
10.29
10.35
10.35
10.32
10.3
10.31
10.37
10.33
10.27
10.25
10.32
10.26
10.2
10.14
10.13
10.06
10.06
10.03
10.08
10.02
10.03
9.97
9.97
9.97
9.97
9.96
10
9.97
9.96
10.03
10.01
9.96
9.95
10.01
10.02
10.04
9.99
10
9.98
10.01
9.96
9.93
9.96
9.93
9.88
9.89
9.88
9.95
10
9.99
10.01
9.96
10.01
10
10.04
10
10.05
10.08
10.02
10.04
10.09
10.12
10.12
10.07
10.04
10.03
10
10
10
10.02
10
10
9.96
9.92
9.95
9.97
10.01
9.97
9.98
9.98
9.94
9.95
9.96
10.02
10.04
10.1
10.04
9.99
9.98
10.02
10.08
10.07
10.13
10.14
10.1
10.13
10.2
10.2
10.24
10.18
10.15
10.12
10.16
10.21
10.15
10.09
10.02
10.03
10.09
10.03
10.04
10.11
10.18
10.13
10.12
10.16
10.16
10.2
10.16
10.13
10.14
10.14
10.15
10.13
10.13
10.08
10.11
10.11
10.17
10.16
10.18
10.22
10.21
10.19
10.21
10.16
10.1
10.07
10.13
10.14
10.11
10.13
10.08
10.01
10.07
10.08
10.08
10.1
10.12
10.1
10.11
10.06
10.01
10.07
10.13
10.12
10.12
10.18
10.24
10.19
10.26
10.23
10.26
10.2
10.18
10.18
10.25
10.2
10.17
10.1
10.14
10.18
10.15
10.2
10.2
10.2
10.25
10.2
10.16
10.22
10.28
10.27
10.21
10.23
10.22
10.21
10.17
10.23
10.2
10.22
10.2
10.14
10.11
10.06
10.13
10.1
10.12
10.13
10.12
10.15
10.21
10.16
10.21
10.15
10.16
10.16
10.16
10.21
10.21
10.17
10.23
10.19
10.22
10.27
10.21
10.23
10.24
10.26
10.26
10.31
10.36
10.33
10.36
10.4
10.39
10.39
10.41
10.38
10.32
10.32
10.39
10.34
10.31
10.27
10.25
10.31
10.35
10.3
10.23
10.27
10.34
10.27
10.23
10.23
10.17
10.22
10.29
10.35
10.42
10.43
10.4
10.47
10.47
10.53
10.51
10.55
10.57
10.6
10.64
10.71
10.72
10.76
10.76
10.73
10.71
10.64
10.67
10.7
10.77
10.77
10.79
10.74
10.69
10.63
10.57
10.52
10.5
10.44
10.51
10.53
10.6
10.65
10.72
10.7
10.71
10.73
10.66
10.62
10.64
10.6
10.59
10.64
10.68
10.68
10.76
10.7
10.66
10.73
10.79
10.8
10.76
10.72
10.67
10.69
10.7
10.68
10.71
10.68
10.73
10.7
10.7
10.72
10.79
10.76
10.81
10.86
10.87
10.86
10.86
10.85
10.84
10.83
10.78
10.79
10.84
10.79
10.73
10.74
10.74
10.81
10.87
10.9
10.86
10.86
10.8
10.84
10.82
10.81
10.87
10.81
10.82
10.75
10.81
10.74
10.76
10.81
10.86
10.82
10.89
10.87
10.85
10.8
10.82
10.88
10.8
10.75
10.82
10.85
10.84
10.79
10.72
10.78
10.83
10.9
10.87
10.81
10.87
10.82
10.82
10.88
10.83
10.78
10.79
10.82
10.84
10.88
10.86
10.8
10.81
10.81
10.88
10.92
10.99
11.01
11.02
10.98
10.99
10.93
10.99
10.97
10.96
10.92
10.97
10.92
10.86
10.93
10.93
10.94
10.88
10.85
10.81
10.81
10.83
10.87
10.93
10.98
11
10.96
11.04
11.03
10.97
11.03
10.98
10.95
10.91
10.84
10.92
10.88
10.95
11.01
11.01
10.96
10.89
10.88
10.85
10.93
10.95
10.94
10.93
10.97
11.02
11.05
11.01
11.03
10.99
11
10.98
11
11.01
10.96
10.89
10.95
10.94
10.88
10.83
10.89
10.93
10.92
10.86
10.81
10.86
10.92
10.99
11.03
10.98
10.94
10.96
10.94
10.88
10.88
10.9
10.89
10.88
10.87
10.83
10.88
10.88
10.89
10.86
10.85
10.81
10.76
10.76
10.75
10.69
10.74
10.72
10.65
10.62
10.6
10.64
10.69
10.64
10.62
10.67
10.63
10.68
10.7
10.71
10.68
10.63
10.62
10.64
10.6
10.65
10.67
10.63
10.6
10.65
10.61
10.61
10.6
10.66
10.6
10.63
10.62
10.57
10.51
10.56
10.58
10.54
10.51
10.53
10.45
10.4
10.38
10.4
10.32
10.28
10.27
10.26
10.31
10.37
10.43
10.44
10.49
10.49
10.43
10.42
10.44
10.4
10.42
10.43
10.39
10.35
10.35
10.3
10.33
10.39
10.45
10.41
10.4
10.42
10.39
10.43
10.4
10.35
10.38
10.43
10.46
10.39
10.32
10.26
10.32
10.28
10.22
10.28
10.31
10.24
10.28
10.29
10.31
10.37
10.36
10.38
10.43
10.41
10.37
10.31
10.31
10.31
10.34
10.38
10.37
10.31
10.3
10.23
10.18
10.18
10.19
10.19
10.15
10.18
10.24
10.26
10.22
10.23
10.24
10.19
10.17
10.2
10.27
10.24
10.29
10.28
10.28
10.31
10.26
10.23
10.19
10.24
10.26
10.29
10.23
10.27
10.23
10.21
10.27
10.28
10.26
10.31
10.29
10.31
10.29
10.29
10.35
10.28
10.23
10.2
10.18
10.23
10.27
10.33
10.38
10.32
10.35
10.41
10.36
10.36
10.31
10.28
10.35
10.41
10.38
10.35
10.38
10.31
10.29
10.35
10.31
10.33
10.36
10.29
10.25
10.3
10.26
10.24
10.22
10.16
10.09
10.13
10.14
10.14
10.12
10.18
10.17
10.11
10.13
10.14
10.14
10.18
10.14
10.16
10.19
10.25
10.26
10.26
10.33
10.37
10.34
10.4
10.45
10.39
10.42
10.43
10.39
10.35
10.42
10.36
10.41
10.4
10.38
10.4
10.37
10.44
10.4
10.45
10.46
10.48
10.53
10.52
10.49
10.53
10.51
10.45
10.39
10.44
10.47
10.44
10.42
10.46
10.49
10.55
10.55
10.53
10.56
10.6
10.59
10.6
10.63
10.58
10.6
10.58
10.61
10.58
10.56
10.59
10.6
10.66
10.65
10.63
10.64
10.67
10.66
10.61
10.58
10.62
10.56
10.61
10.59
10.64
10.7
10.76
10.72
10.77
10.8
10.8
10.79
10.79
10.83
10.88
10.93
10.93
10.85
10.82
10.82
10.81
10.78
10.79
10.82
10.88
10.96
10.97
10.99
10.98
10.95
10.88
10.88
10.8
10.78
10.83
10.79
10.77
10.77
10.76
10.8
10.77
10.77
10.78
10.77
10.69
10.66
10.69
10.72
10.73
10.73
10.76
10.73
10.69
10.76
10.71
10.64
10.6
10.66
10.67
10.61
10.66
10.62
10.58
10.53
10.57
10.56
10.58
10.61
10.64
10.64
10.7
10.75
10.73
10.72
10.68
10.63
10.59
10.62
10.63
10.65
10.63
10.6
10.59
10.54
10.54
10.56
10.49
10.45
10.42
10.45
10.46
10.42
10.4
10.47
10.5
10.43
10.41
10.41
10.41
10.48
10.51
10.5
10.53
10.56
10.62
10.65
10.72
10.76
10.69
10.62
10.65
10.71
10.72
10.68
10.63
10.59
10.54
10.51
10.44
10.5
10.47
10.4
10.42
10.37
10.3
10.33
10.37
10.44
10.37
10.33
10.31
10.3
10.35
10.36
10.4
10.35
10.39
10.4
10.46
10.49
10.42
10.48
10.52
10.5
10.48
10.51
10.58
10.65
10.69
10.67
10.67
10.68
10.69
10.65
10.58
10.6
10.64
10.59
10.59
10.53
10.49
10.56
10.63
10.58
10.56
10.58
10.6
10.59
10.61
10.61
10.55
10.53
10.51
10.48
10.46
10.49
10.47
10.4
10.38
10.32
10.38
10.35
10.31
10.37
10.35
10.35
10.34
10.34
10.4
10.45
10.46
10.42
10.43
10.4
10.45
10.47
10.5
10.55